2056
-6248
1496
-6780
1696
-6628
1752
-6340
1720
-6464
1752
-6576
1632
-6484
1968
-6344
1964
-6352
1684
-6784
1980
-6500
620
-5516
1460
-6500
1780
-6664
1608
-6508
1768
-6480
1800
-6544
1864
-6576
1840
-6468
1692
-6532
1736
-6480
1784
-6592
1944
-6364
1748
-6560
1776
-6588
1864
-6528
1792
-6452
1868
-6636
1848
-6520
1872
-6444
1828
-6544
1936
-6540
2124
-6472
1972
-6440
2060
-6616
1512
-6344
744
-6572
844
-6888
516
-6692
280
-6832
-180
-6592
-172
-6684
-776
-6544
-804
-6584
-1120
-6344
-1000
-6188
-1436
-6092
-1132
-6028
-1488
-6024
-1724
-6104
-1932
-6080
-2156
-6116
-2376
-5844
-2232
-5940
-2184
-5732
-2436
-5780
-2636
-5592
-2528
-5672
-2636
-5712
-2552
-5684
-2532
-5792
-2496
-5704
-2648
-5756
-2552
-5808
-2352
-5904
-2400
-5828
-2320
-5896
-2480
-5948
-2588
-5800
-2712
-5776
-2644
-5720
-2360
-5696
-2532
-5804
-2428
-5836
-2000
-5936
-1896
-5872
-1748
-6112
-1328
-6020
-1524
-6040
-1188
-6056
-632
-6236
-624
-6300
-184
-6228
116
-6424
592
-6356
884
-6560
1224
-6496
1536
-6712
1792
-6752
2168
-6592
2264
-6548
1908
-6476
2924
-6604
3104
-6568
3184
-6328
3568
-6264
3128
-6408
3940
-6508
4700
-6468
5324
-6488
5372
-6368
5456
-6444
5304
-6412
5920
-6540
5936
-6668
6136
-6676
6728
-6860
7000
-6652
7184
-6536
7508
-6744
8288
-6724
8428
-6588
9312
-6748
10128
-6564
10504
-6472
11340
-6588
10316
-6680
10508
-7044
11332
-7136
10912
-6688
10092
-6836
10108
-7212
10080
-7224
10120
-7104
10164
-6916
10428
-6896
10328
-6832
10260
-6944
10212
-6976
10600
-6824
10336
-6880
10304
-6972
10556
-6956
10544
-6872
10724
-7000
10676
-7088
10020
-6944
9656
-7020
9712
-7096
9504
-7044
9076
-6956
8668
-7088
8172
-7116
7908
-7180
7712
-7240
7672
-7088
7412
-7244
6988
-7148
6364
-7220
5920
-7060
5300
-7268
4740
-7016
4432
-6724
4484
-6724
4348
-6768
4068
-6684
3612
-6752
3604
-6960
3712
-6876
3480
-6824
3588
-6612
3656
-6888
3700
-6700
3872
-6700
4044
-6720
4020
-6872
3736
-7088
3908
-6932
3864
-7128
3920
-7308
3676
-7100
3872
-6660
4160
-6384
3944
-6548
3676
-6612
4144
-6396
4200
-6364
4240
-6584
4256
-6168
4484
-6388
4060
-6520
4736
-6252
4648
-6224
4560
-6232
4504
-6192
4500
-6108
4364
-6068
4360
-6428
4396
-6404
4456
-6308
4564
-6500
4628
-6504
4476
-6388
4528
-6448
4560
-6444
4752
-6244
4720
-6012
4584
-6496
4496
-6392
4516
-6760
4476
-7072
4376
-7184
4356
-7404
4088
-7724
4232
-7272
4504
-6752
4880
-6696
4484
-7020
4668
-6964
4748
-7084
4940
-7104
4860
-7340
4936
-7500
5312
-7596
4764
-8080
5288
-7664
5840
-7724
5708
-8080
5680
-8584
5704
-8788
6112
-8800
5692
-8200
5108
-8232
5216
-8148
5564
-7600
5532
-7872
5420
-8048
5556
-8160
5544
-7940
5560
-8032
5436
-8028
5432
-7868
5468
-8044
5400
-7712
5248
-7900
5060
-7544
5172
-7692
5428
-8360
5396
-8492
5296
-8016
5032
-7916
4788
-7976
5004
-7728
4860
-7536
4720
-7308
4256
-6668
4612
-7268
4876
-7244
4748
-6696
4740
-6784
4556
-6780
4336
-6852
4412
-7304
4448
-7404
4328
-7288
4456
-7180
4476
-7312
4412
-7188
4268
-7324
4392
-7176
4388
-7192
4196
-7240
4192
-7368
4336
-7460
4336
-6864
4456
-6652
4864
-6764
4708
-7016
5672
-6600
6308
-6328
6092
-5648
6348
-5968
7136
-6344
8132
-6712
7984
-6800
8268
-6836
8824
-6820
9772
-7132
10232
-7232
10624
-7108
10492
-7184
10500
-7312
10680
-7344
10476
-7208
10376
-7352
10496
-7388
10552
-7456
10812
-7312
10184
-7380
10452
-7440
10428
-7408
10432
-7296
10100
-7092
9824
-6760
9688
-6628
9184
-6776
9268
-6904
9944
-7584
9720
-7300
9936
-7544
10340
-7800
10428
-7348
10628
-7580
10464
-7908
11392
-8256
11752
-7948
11936
-7548
11844
-7164
11764
-7052
11288
-6832
11696
-6688
11924
-6632
11552
-6612
11664
-6392
11436
-6364
11740
-6644
11764
-6764
11880
-6744
11756
-6584
11752
-6596
11804
-6836
11524
-7060
11308
-7232
11280
-7080
10956
-7904
10376
-8092
9920
-8220
9388
-8064
8904
-8620
7988
-9352
7104
-9592
6400
-10028
6360
-9612
5576
-9396
4696
-8864
3528
-8588
2504
-8212
2300
-7632
2224
-6976
360
-6276
252
-6472
24
-6008
-1896
-5688
-2504
-5896
-2536
-5568
-2452
-5724
-2800
-5496
-2652
-5588
-2448
-5736
-2508
-5856
-2592
-5964
-2476
-6116
-2604
-6028
-2592
-5900
-2544
-6052
-2372
-5920
-2388
-5932
-2300
-5764
-2224
-6316
-2180
-6528
-2016
-7084
-2508
-6768
-2432
-7144
-2256
-7324
-2008
-7164
-2112
-6984
-2260
-7024
-1968
-6800
-2104
-6400
-2360
-6108
-2356
-6244
-1908
-6540
-1716
-7076
-1324
-7268
-956
-7148
-1096
-6804
-1004
-6612
-1088
-6612
-916
-6388
-984
-6432
-1152
-5960
-1196
-5640
-1284
-5492
-1056
-5520
-872
-5560
-1076
-5444
-1112
-5560
-1308
-5564
-1096
-5328
-996
-5452
-784
-5328
-812
-5168
-1024
-5148
-1112
-5196
-1148
-5052
-1404
-4880
-968
-5128
-984
-5208
-604
-5424
164
-5268
32
-5352
264
-5484
648
-5428
932
-5884
1152
-5972
2356
-6608
2880
-6880
3612
-7092
3744
-7072
4672
-7328
4932
-7064
5084
-7056
5428
-7012
6112
-7176
6428
-7176
6224
-7108
6276
-7252
6244
-7064
6432
-7308
6112
-7204
6120
-7136
6048
-7244
6144
-7232
6432
-7296
6312
-7116
6432
-7240
6384
-7164
5568
-7124
4960
-7192
4276
-7068
2656
-7152
3116
-7004
2692
-6724
1060
-6540
-64
-6708
-916
-6864
-1096
-6232
-1760
-5912
-2728
-5588
-2960
-5532
-2752
-5496
-3412
-5192
-4268
-5140
-4688
-4924
-4824
-4860
-4712
-4868
-4848
-4944
-4920
-4660
-4928
-4868
-4828
-4920
-4752
-5048
-4748
-5160
-4996
-4832
-5164
-5008
-4368
-4964
-3040
-5432
-2164
-5600
-1380
-5976
-328
-6404
412
-6344
848
-6564
1512
-6884
2672
-7076
2984
-7032
4124
-7132
4504
-7260
4632
-7296
5240
-7208
6184
-7248
6636
-7344
6556
-7208
6936
-7388
7576
-7368
7516
-7396
8856
-7136
9804
-6748
11084
-6364
11716
-6048
11988
-6220
12036
-6500
11828
-6600
11800
-6640
12204
-7212
12312
-7152
12632
-6528
12808
-6320
12772
-6404
12840
-6236
12960
-6228
12916
-6152
12984
-6312
13108
-6228
13080
-6340
12804
-6364
12636
-6472
12992
-6576
13180
-6484
12344
-6512
11044
-6620
10144
-6488
9752
-6636
9480
-6820
9212
-6808
8948
-6904
8568
-6812
8220
-6900
7560
-6984
6696
-7240
5204
-6944
4640
-7072
4548
-6912
4444
-7124
4448
-7172
4376
-7240
4336
-7020
4488
-7024
4356
-7176
4308
-7248
4036
-7304
